inputs: 10000
queries: 1000
setup: 0.387298
preproc: 0.003001
compute: 3.222656