inputs: 1000
queries: 10
setup: 0.381414
preproc: 0.003060
compute: 0.343450