inputs: 1000
queries: 10
setup: 0.381878
preproc: 0.002872
compute: 0.344374