inputs: 10000
queries: 1000
setup: 0.391875
preproc: 0.003069
compute: 3.206649