inputs: 10000
queries: 100
setup: 0.383248
preproc: 0.003042
compute: 0.670499