inputs: 1000
queries: 10
setup: 0.388741
preproc: 0.002904
compute: 0.348200