inputs: 1000
queries: 10
setup: 0.385229
preproc: 0.003854
compute: 0.328546