inputs: 1000
queries: 10
setup: 0.381682
preproc: 0.003300
compute: 0.330527