inputs: 1000
queries: 10
setup: 0.392227
preproc: 0.002986
compute: 0.355174