inputs: 1000
queries: 10
setup: 0.394218
preproc: 0.002974
compute: 0.368344