inputs: 1000
queries: 10
setup: 0.385284
preproc: 0.002972
compute: 0.338928