inputs: 5000
queries: 50
setup: 0.386781
preproc: 0.003203
compute: 0.453371