inputs: 1000
queries: 10
setup: 0.391159
preproc: 0.003147
compute: 0.336570