inputs: 10000
queries: 100
setup: 0.377253
preproc: 0.003133
compute: 0.667081