inputs: 1000
queries: 10
setup: 0.392236
preproc: 0.003687
compute: 0.359705