inputs: 1000
queries: 10
setup: 0.512377
preproc: 0.005119
compute: 0.361989