inputs: 1000
queries: 10
setup: 0.394606
preproc: 0.003268
compute: 0.348536