inputs: 1000
queries: 10
setup: 0.405861
preproc: 0.003819
compute: 0.366542