inputs: 1000
queries: 10
setup: 0.396989
preproc: 0.004697
compute: 0.362165