inputs: 1000
queries: 10
setup: 0.380649
preproc: 0.003073
compute: 0.337312