inputs: 5000
queries: 50
setup: 0.386996
preproc: 0.003092
compute: 0.464547