inputs: 5000
queries: 50
setup: 0.386239
preproc: 0.002940
compute: 0.457617