inputs: 1000
queries: 10
setup: 0.382097
preproc: 0.003116
compute: 0.329506