inputs: 1000
queries: 10
setup: 0.407673
preproc: 0.002919
compute: 0.365866