inputs: 1000
queries: 10
setup: 0.434332
preproc: 0.003020
compute: 0.369045